3 10 3 1
0
3
84.018776 39.438293 78.309929 
79.844009 91.164742 19.755136 
33.522274 76.822960 27.777473 
55.396999 47.739708 62.887093 
36.478447 51.340092 95.222977 
91.619514 63.571175 71.729698 
14.160256 60.696888 1.630057 
24.288677 13.723158 80.417679 
15.667910 40.094440 12.979044 
10.880880 99.892448 21.825691 

51.293243 83.911224 61.263985 
29.603163 63.755226 52.428719 
49.358299 97.277504 29.251680 
77.135773 52.674496 76.991386 
40.022861 89.152946 28.331474 
35.245838 80.772453 91.902649 
6.975528 94.932709 52.599537 
8.605585 19.221386 66.322693 
89.023262 34.889294 6.417132 
2.002305 45.770176 6.309584 

23.827995 97.063416 90.220810 
85.091980 26.666576 53.976036 
37.520699 76.024872 51.253540 
66.772377 53.160645 3.928035 
43.763760 93.183510 93.080978 
72.095238 28.429342 73.853432 
63.997883 35.404869 68.786140 
16.597418 44.010452 88.007523 
82.920113 33.033714 22.896818 
89.337242 35.036018 68.666992 

95.646828 58.864017 65.730408 
85.867630 43.955990 92.396980 
39.843666 81.476692 68.421852 

91.097206 48.249065 21.582497 
95.025238 92.012825 14.766002 
88.106216 64.108063 43.195343 

61.959648 28.105942 78.600212 
30.745787 44.703358 22.610662 
18.753311 27.623468 55.644375 

