32
1
84.018776 39.438293 78.309929 79.844009 91.164742 19.755136 33.522274 76.822960 27.777473 55.396999 47.739708 62.887093 36.478447 51.340092 95.222977 91.619514 63.571175 71.729698 14.160256 60.696888 1.630057 24.288677 13.723158 80.417679 15.667910 40.094440 12.979044 10.880880 99.892448 21.825691 51.293243 83.911224
61.263985 29.603163 63.755226 52.428719 49.358299 97.277504 29.251680 77.135773 52.674496 76.991386 40.022861 89.152946 28.331474 35.245838 80.772453 91.902649 6.975528 94.932709 52.599537 8.605585 19.221386 66.322693 89.023262 34.889294 6.417132 2.002305 45.770176 6.309584 23.827995 97.063416 90.220810 85.091980
26.666576 53.976036 37.520699 76.024872 51.253540 66.772377 53.160645 3.928035 43.763760 93.183510 93.080978 72.095238 28.429342 73.853432 63.997883 35.404869 68.786140 16.597418 44.010452 88.007523 82.920113 33.033714 22.896818 89.337242 35.036018 68.666992 95.646828 58.864017 65.730408 85.867630 43.955990 92.396980
39.843666 81.476692 68.421852 91.097206 48.249065 21.582497 95.025238 92.012825 14.766002 88.106216 64.108063 43.195343 61.959648 28.105942 78.600212 30.745787 44.703358 22.610662 18.753311 27.623468 55.644375 41.650127 16.960709 90.680389 10.317119 12.607534 49.544407 76.047523 98.475166 93.500404 68.444504 38.318836
74.977089 36.866356 29.416037 23.226154 58.448853 24.441275 15.238979 73.214851 12.547490 79.347038 16.410192 74.507141 7.452980 95.010406 5.252926 52.156338 17.621065 24.006237 79.779808 73.265442 65.656364 96.740517 63.945839 75.973488 9.348048 13.490242 52.021011 7.823214 6.990640 20.465509 46.142048 81.967728
57.331860 75.558083 5.193882 15.780713 99.999359 20.432861 88.995567 12.546848 99.779900 5.405758 87.053986 7.232880 0.416161 92.306915 59.389217 18.037228 16.313150 39.169022 91.302673 81.969521 35.909538 55.248505 57.943001 45.257584 68.738739 9.964006 53.080799 75.729385 30.429516 99.222847 57.697113 87.761383
74.780930 62.890995 3.542091 74.780289 83.323853 92.537659 87.327133 83.103752 97.943413 74.381119 90.336632 98.359573 66.688034 49.725853 16.396801 83.001183 88.894875 7.699468 64.970695 24.804413 62.947971 22.913698 70.061996 31.686714 32.877705 23.142796 7.416097 63.307220 22.365643 65.113213 51.068600 97.146576
28.004204 54.610687 71.926857 11.328056 47.148346 59.253990 94.431816 45.091759 33.635113 84.768448 43.451332 0.323146 34.494297 59.848129 83.324333 23.389172 67.547600 48.295029 48.193584 30.495569 71.208733 18.255579 62.182285 4.086431 41.398373 69.598381 67.393654 63.764019 34.711590 18.462248 60.910591 62.715790
73.072937 32.837444 74.043846 20.221279 92.091438 68.475655 65.313034 25.726549 53.244099 8.764363 26.049694 87.738396 68.612495 9.374024 11.127563 36.160091 57.669052 59.321148 66.655663 28.877777 77.576729 28.837940 32.964211 18.975100 98.436325 0.357857 82.739113 33.147907 18.820105 43.649700 95.863693 91.893044
76.487144 69.907539 12.114317 68.578575 38.383194 77.427353 94.305130 91.627296 86.191719 20.354822 79.365685 54.804207 29.728846 90.493256 90.964294 87.397896 49.814392 57.619953 16.275675 27.391119 86.457901 49.239883 46.366215 84.894218 49.597740 29.105330 18.042124 68.417839 72.755028 13.905821 60.310883 49.242172
83.813362 72.425201 17.820751 22.196554 49.852547 12.125878 13.823846 36.044262 32.480701 93.189537 90.848465 62.209549 83.682777 81.812767 49.607441 33.497169 39.432716 65.883118 60.888287 25.890614 15.122998 7.254501 10.784828 64.720741 36.359829 28.826952 33.138584 9.114858 42.732773 93.449471 58.357033 26.546133
65.874664 76.177780 48.742687 15.727212 88.303665 62.566532 51.771477 20.784359 55.756065 42.619938 82.993912 39.438839 24.432699 32.601349 72.936005 63.865417 98.484467 33.824291 89.756027 13.607462 41.078796 0.540855 78.328201 77.438622 29.367807 11.466782 86.553490 72.100578 4.916246 44.910511 98.646713 70.790909
21.088293 47.389397 86.518120 9.391951 9.955930 38.289597 30.176310 65.711998 80.909531 13.170215 5.150829 5.342229 45.771561 78.086838 69.207649 44.256023 11.911129 58.963669 57.863487 52.989925 59.504528 36.191685 30.428547 88.872330 47.658466 16.982027 60.972912 52.574715 61.892540 59.619625 23.365622 82.980835
7.009021 9.883742 92.372780 16.964951 48.173336 22.549091 82.676941 29.082869 35.719307 87.827774 34.425095 81.490868 65.914612 3.632740 25.746891 77.825729 62.596413 83.610374 30.815655 22.100937 19.802059 61.244202 10.973269 67.460526 78.226227 71.946182 20.035236 40.118767 31.565804 43.400856 23.099596 38.574825
53.284599 15.472377 55.539776 1.457934 38.021465 38.216717 30.540800 73.740776 26.044485 64.965897 55.231640 91.959091 68.598633 80.978531 69.784821 31.195047 64.588905 0.600477 53.295982 84.390961 61.844677 64.269249 51.851490 40.070904 36.215435 71.886726 80.189674 67.781235 15.287580 3.289265 6.356060 68.572182
18.761641 61.895836 70.030113 56.783112 0.112548 0.570914 30.523882 26.157034 65.536812 85.755524 18.116121 34.135448 66.734055 87.900948 65.330498 31.322956 88.501427 18.626478 15.713919 50.346100 82.895737 67.565407 90.417007 19.111164 39.452129 70.606674 86.892403 54.739708 73.895935 93.248466 23.311890 92.657578
55.144295 93.342003 49.440689 55.256844 93.912918 79.964577 81.413872 59.449726 65.720093 99.529999 93.585175 32.454144 87.430939 58.915668 63.777096 75.932358 77.542145 79.491013 26.278458 60.437878 47.056423 16.695461 79.549042 86.508553 87.302139 66.441444 41.248260 61.198074 59.689903 64.560150 53.855652 14.834194
57.902153 3.296340 70.091034 51.815071 83.260910 51.504910 11.264794 48.980999 51.034904 4.849968 81.435143 38.465839 63.765640 45.212238 14.398200 41.307785 24.703255 40.676659 1.745660 71.759682 57.372120 81.294708 58.268227 44.674255 47.736141 99.516487 5.872324 7.426043 64.076637 59.727982 22.260237 21.978785
63.024319 92.351273 73.793854 46.285225 43.856182 85.058647 95.266228 94.891083 89.908615 76.701370 33.356922 53.674252 21.913607 47.755123 94.982033 46.616859 88.431786 96.727692 18.376535 45.803898 78.022400 76.644760 90.478157 25.758537 76.161240 96.350479 33.184578 40.237877 56.078453 55.444820 62.216663 19.102768
47.796089 36.010513 65.387993 91.652267 21.069157 60.654217 86.543350 10.977769 37.355583 19.900272 64.652023 59.269192 67.655396 59.634056 5.886049 56.087181 56.361744 24.262585 1.891075 34.384140 0.907344 92.369232 60.142673 77.068588 88.719704 93.327255 17.306465 44.798153 48.772072 79.523132 63.900921 96.568161
15.533638 29.288912 88.220428 36.602795 89.943130 74.763779 47.580566 27.298714 94.664055 12.232582 86.567902 62.319447 71.866631 92.453949 18.406622 28.228376 16.716536 20.297697 62.612518 17.623878 12.666924 22.755188 94.692474 1.386626 16.082441 11.998932 46.184780 64.854515 91.522057 10.085698 61.422672 7.055697
39.374607 49.643097 43.658493 29.317738 24.406874 91.239052 56.616451 19.070923 3.471636 43.184353 81.390373 75.338272 35.638302 99.796989 3.566644 52.354839 20.094687 66.179161 69.978714 32.761612 88.934349 64.671181 34.148239 5.016788 76.670120 80.333023 69.871300 68.192177 90.418716 31.293970 75.247871 29.793324
80.937073 18.906361 59.111061 5.343940 10.145415 15.727509 24.414862 13.617051 58.911861 5.805228 88.955322 94.550163 5.602218 92.521965 46.905003 25.696907 58.701122 16.883717 58.458519 47.635468 81.554901 92.606758 52.652260 58.225014 72.939774 22.523558 26.417187 63.358486 53.817532 1.665058 93.151810 34.754597
20.571421 52.262867 40.098537 30.716835 67.990379 64.513397 44.333889 26.902235 70.318626 33.289207 21.452398 75.920845 25.811169 68.357407 1.617748 84.512291 85.241119 60.076267 32.147755 66.796021 52.683022 84.800011 25.021032 25.622789 7.323566 51.438221 88.981270 61.141094 53.103275 82.133080 95.895691 73.674698
34.395947 35.994225 4.391531 2.386320 0.507620 48.725418 29.288557 70.826248 82.014626 50.740959 46.747089 7.825788 19.098356 48.364838 92.338074 4.339471 8.441100 24.485832 71.135490 61.124119 9.285841 96.156525 86.746910 16.609407 47.594734 75.728180 77.750504 0.698012 57.861259 73.646187 74.372711 92.257202
9.640412 78.764236 94.643524 10.148032 27.489655 23.932079 80.974274 9.504275 74.673035 27.721363 17.330063 93.771385 76.086205 9.668139 98.110863 84.527306 34.153969 69.246346 45.651421 43.439808 65.402870 32.398327 60.049221 12.997600 8.126503 37.799717 13.695610 65.987762 11.445903 88.068321 58.244965 21.086317
66.832558 52.888485 31.234348 94.322212 76.820564 12.208625 3.826484 51.493599 39.929989 21.156548 45.264984 16.016190 30.824686 43.375843 0.543489 64.978653 12.622189 46.194908 8.418465 78.025047 78.593231 68.467682 91.022652 86.719734 6.267395 4.718261 52.707493 17.713299 92.786583 10.952458 38.799614 59.619137
63.840946 70.033966 53.941341 40.661507 82.242584 57.767826 92.155098 22.172577 78.924370 37.420086 38.188766 9.749058 80.795929 38.732254 74.727715 93.418114 84.927162 83.146179 71.443169 63.520390 51.613857 62.465816 50.240131 57.881256 67.184082 2.947622 75.594551 59.970654 13.900081 14.394163 19.589788 77.741028
84.428131 73.531128 18.402529 66.670708 31.298954 10.557631 88.843285 10.223327 47.977715 27.032051 19.972383 28.773640 65.764305 94.700104 22.191755 50.691467 77.846275 93.634926 14.211858 29.460131 56.100739 64.451988 87.341385 23.284813 67.399612 62.935932 83.255463 81.299690 77.330093 2.845254 59.040714 61.758221
76.376389 77.443245 28.428928 7.675338 88.000870 17.272213 17.898664 35.978588 44.304264 37.871048 64.752228 10.068568 32.571148 86.943977 60.760033 10.417418 80.578903 74.971893 39.877548 36.679634 39.423874 27.218929 59.964443 6.823482 90.154861 43.219913 88.123169 67.484955 46.065166 47.163879 29.243176 22.441549
24.607121 57.672104 30.116886 12.607992 74.944321 48.015553 48.586578 19.248579 85.886597 13.338801 29.317146 18.457745 0.282779 90.077179 28.875160 80.861679 65.049072 68.752716 17.541311 4.472947 95.971642 77.505760 11.296429 86.126503 20.725668 99.419601 53.611458 66.790833 46.583477 82.854637 89.232384 71.190598
40.526737 19.349268 83.798592 15.471050 67.364822 32.385166 34.719631 53.251415 45.723969 64.036781 71.709160 46.006744 54.113960 0.584319 26.868425 19.163031 69.337029 44.409737 23.635979 65.308670 21.915489 34.932407 51.435169 42.641159 34.352005 5.046627 9.431988 80.935478 87.901260 98.664368 52.126080 28.427996
18.013634 35.924667 43.899044 85.378448 68.309830 78.618675 38.629868 14.033799 42.655453 10.339024 60.040546 96.769409 10.923343 86.908966 15.932443 80.260376 31.318701 39.568420 45.569038 53.234192 74.500832 97.004211 95.875351 8.852831 2.050835 5.307333 89.788315 89.952095 3.971702 41.914391 18.380089 21.985336
77.839058 62.279129 7.363786 46.148891 40.897804 45.993652 60.182693 83.553253 56.332672 20.223234 80.322670 67.256020 7.132201 96.255112 47.516388 38.450901 35.823532 93.085426 91.685097 10.324358 90.089638 87.560432 19.177189 92.140472 92.867767 8.965499 82.092567 96.839470 50.879890 0.472651 18.824806 28.718946
62.751781 26.188591 74.867844 3.649588 72.182243 35.050526 87.202850 28.514919 55.273762 67.525513 95.770943 62.405964 63.780624 43.287323 0.856861 99.604156 36.372749 92.541954 9.928512 26.462383 80.102394 29.105700 18.602854 72.970161 38.071198 0.695418 69.809631 88.951088 1.168069 88.634430 17.670034 63.919857
14.823026 92.537872 67.569443 87.005272 27.588398 54.772282 15.520187 82.862160 22.297796 11.291121 45.268116 86.078423 54.578442 46.124977 85.682579 90.951195 38.666927 95.611092 17.413574 18.769318 24.716787 36.016430 91.739479 62.787987 36.711849 61.549103 51.739075 37.879917 50.183537 69.409111 1.799768 65.006561
61.946976 69.369209 52.011829 89.535378 24.141491 67.532013 72.397530 46.439289 78.823135 17.665644 32.517712 33.401581 63.790619 18.200287 24.352768 2.457550 13.811374 41.766342 21.226868 38.528160 77.782776 12.966339 1.316146 14.494619 74.515442 53.055222 52.374538 24.698975 22.464327 54.174305 89.705536 84.411301
23.543510 41.717361 73.946671 47.685001 9.249373 46.344200 94.124290 88.072510 64.009850 26.641998 21.474087 27.800465 44.842285 45.826855 30.258015 58.653660 87.593201 51.484882 97.181816 65.375977 64.451218 98.497963 79.870590 38.966663 51.553185 32.245125 63.665634 74.017509 86.419426 53.371170 58.428814 9.962934
95.088531 32.375484 57.647938 4.337901 78.719688 51.772224 92.410408 42.729530 78.414223 13.884496 70.529991 23.256506 59.711349 0.788008 81.910164 47.304550 52.272888 79.091980 12.680520 16.724110 77.589943 92.551109 55.690773 29.143129 24.796232 19.356405 3.160636 11.215656 72.727577 61.589443 21.178591 67.816101
93.964928 78.826523 72.153999 72.684616 30.598749 64.564407 15.414145 9.012971 78.448906 85.944145 32.269474 38.160255 86.732155 14.179638 85.464806 39.005039 93.271622 98.145325 55.729145 70.861565 90.696442 11.419917 0.004688 15.492666 30.776323 3.165323 26.708323 3.503895 64.754776 47.886913 71.319992 58.719704
26.713438 43.473995 31.404318 57.312187 8.038404 46.818462 66.325157 86.487312 32.762604 98.594635 24.647566 19.494751 12.774271 10.112372 58.499790 6.045888 8.257698 14.228934 76.907455 98.954132 25.648853 76.912140 14.446796 56.425175 80.077461 41.155117 59.929070 44.832230 89.042030 31.249062 3.551929 15.755467
74.723061 34.956249 73.067657 82.761459 81.774704 39.392811 69.248772 14.537311 37.987446 93.896339 34.032063 50.761711 4.008707 92.531853 56.807602 12.266404 6.760783 33.715050 11.220535 32.409637 10.627186 25.667332 88.834816 90.704643 66.822456 48.763878 35.536873 55.864479 80.012939 39.088806 71.619949 54.735996
74.045052 44.687603 37.497456 55.819756 84.080414 6.746226 70.357071 22.067854 0.642560 4.389128 72.829567 4.651267 96.920982 29.637167 16.917671 3.681760 63.352215 28.138206 36.091393 73.979401 53.805538 24.926205 64.684044 20.627987 73.690079 0.220922 76.492470 53.703022 39.309727 48.112415 8.439017 13.354775
92.800018 45.936474 69.174538 76.880424 52.682697 39.531601 98.948288 53.325260 43.920731 71.777855 57.976528 40.841709 1.415015 74.894196 44.523468 64.767235 3.032403 80.614861 38.746635 56.837940 5.541064 3.430682 77.465927 79.231148 3.651604 53.958393 32.934166 42.961330 2.070806 41.373184 56.316109 94.870819
87.309662 25.490643 71.751244 39.992355 65.022247 70.699524 93.317619 8.942972 42.477375 51.294144 49.784679 43.892391 26.188339 94.308144 8.659621 29.220743 74.923004 47.406258 86.058685 80.464073 50.836941 63.524612 59.695217 54.488541 17.483002 92.629379 97.449875 19.553808 34.002563 53.765976 14.424627 21.312222
79.256622 86.175873 61.304577 44.278862 56.875397 54.622192 53.221836 99.352776 5.916331 3.006512 43.245163 32.104671 97.314659 51.904781 61.325413 72.237663 99.311035 47.384094 52.701729 50.147976 10.908700 12.396947 4.636519 28.391701 5.026328 2.086392 47.945511 39.028893 55.852371 62.370136 60.341114 35.108990
48.546009 21.645687 79.387848 5.421404 76.267876 32.609684 4.774176 82.184212 35.616196 48.019341 14.288878 32.930855 99.924118 75.614296 5.168515 99.235153 22.998381 57.870247 49.383133 33.907082 70.267197 54.019653 62.298782 75.293526 56.106045 10.244289 14.322412 11.958414 72.614426 74.663528 47.067406 21.160429
96.309212 26.455254 26.581833 72.577087 59.064938 31.356010 54.761299 94.681137 79.375343 69.050179 27.611990 79.299461 44.664463 32.780506 78.534622 67.662842 90.650749 27.917753 1.569924 60.917946 81.937401 63.868710 36.211468 38.043446 74.112991 50.533878 50.001862 46.727417 25.197405 97.069267 67.887848 21.506615
23.524519 94.469681 94.083702 82.589462 25.825689 48.844997 77.270592 5.201032 17.895172 4.882581 84.500496 62.559635 37.663086 63.035114 30.222479 28.313837 90.952866 31.792402 89.231789 72.890274 95.661110 25.443247 10.933716 69.774101 75.977127 60.935577 16.501518 1.174530 58.004841 84.389366 22.681145 81.529358
78.859047 16.764845 64.118813 4.684729 65.609840 41.389408 9.885761 83.505013 46.271988 94.386261 46.064648 83.935081 57.421371 76.287125 12.248910 48.374237 8.079527 1.480690 21.264507 3.740634 26.923937 32.198223 73.514740 2.901063 93.133797 90.016251 4.075593 51.138634 74.405617 26.756737 32.667992 53.264660
43.521580 96.786812 57.949390 9.131423 38.176216 67.835144 92.636436 84.448212 62.221405 38.701084 68.383278 19.642775 14.988210 80.632187 68.017014 23.067738 82.112877 89.281517 26.808371 9.036814 21.479740 0.323105 11.937877 14.613536 90.339355 16.013470 65.752174 64.744972 42.770206 98.420166 18.009630 86.291786
95.206970 75.959015 95.423210 33.383190 43.794167 88.059647 17.831392 6.015568 26.760731 86.214668 25.658342 41.748940 66.846863 93.675354 64.816681 48.959736 82.956871 91.625046 57.996548 4.436608 91.948151 69.934425 19.050146 82.287514 85.947899 84.802322 47.032478 28.718100 83.222481 65.042107 15.009885 78.429459
41.001125 10.433094 11.812641 84.795296 98.492744 29.644033 90.810860 25.253469 15.858705 16.469200 67.002411 82.705566 10.144553 31.819082 31.665297 93.101425 23.444126 89.661842 97.538033 15.392277 59.596272 16.588177 97.679787 45.544163 1.390492 44.712265 74.262260 84.612976 9.754374 89.272141 63.042427 50.755501
99.705238 74.855064 35.550793 98.197983 4.499101 26.361650 23.451445 20.357805 42.830853 90.453850 3.063366 52.975407 22.272934 34.728661 46.076828 45.717060 24.390507 43.614861 61.109341 83.986778 60.203033 58.789124 29.530937 61.593529 3.501384 3.793196 46.206501 13.255757 93.065338 9.248927 64.011261 92.770576
84.103996 99.562050 90.968559 88.603096 25.923700 14.420000 8.960900 68.754547 4.873852 12.024267 21.729956 27.146788 46.752930 67.806786 72.863846 71.143440 11.421642 33.973186 55.130215 71.624680 92.762314 84.661148 33.218204 96.263695 88.454346 79.424706 9.519449 81.519684 88.673637 73.530708 74.290260 72.777634
73.092751 65.258812 61.380726 99.016457 79.678818 70.341621 67.771004 84.552666 82.365898 89.500961 11.699452 29.118822 57.307747 84.563301 0.262258 68.729385 18.536486 55.392467 40.354061 11.298794 40.053616 73.572266 7.562486 28.507961 52.996971 17.081934 10.027642 41.670605 90.612640 84.317909 14.448232 63.705399
49.576717 75.828957 62.721851 29.255531 46.170582 30.492857 13.808197 28.536472 19.993816 25.507650 57.655293 77.301559 10.070950 57.917553 46.030941 28.607437 13.310019 86.385002 39.906231 53.363636 59.957268 47.468716 81.871597 12.954238 64.550652 91.899239 54.624844 55.163288 76.217140 69.073074 18.868687 25.793858
44.902031 81.590538 55.049393 91.072617 12.083392 68.857590 19.609081 32.077209 94.365234 77.264374 9.378766 4.436185 35.181927 55.409706 33.043625 48.491947 41.794712 72.949852 1.855583 1.751978 20.418568 83.727180 14.706217 84.969215 75.626419 69.331062 40.132507 51.843555 38.404137 59.001190 77.637413 83.306168
40.591728 32.686802 74.378777 52.675117 1.544387 93.987862 84.752327 95.909630 71.252235 94.131096 0.345808 6.434158 49.540802 33.389427 54.926105 91.335510 6.339281 56.781685 93.087494 26.757849 40.508865 7.793705 11.727063 16.135283 77.124763 51.859570 67.978836 15.528898 10.860760 45.616249 98.835068 51.452488
78.303055 73.213837 4.127604 79.847443 67.201691 88.879936 75.757057 38.453922 83.011024 76.102867 44.888081 32.551823 9.492297 99.814194 23.887333 15.831578 56.595875 16.974821 42.589428 97.104744 24.768526 54.316486 13.240022 1.893290 6.176055 81.218857 17.422190 17.036816 26.835108 16.257250 68.489304 5.138157
89.471085 72.616905 84.985596 56.672775 61.496838 60.742653 95.126701 44.507858 36.845520 40.014782 77.059685 46.337818 39.828964 0.947013 62.169399 96.424843 17.921835 4.758820 93.529587 42.690361 59.075310 6.769602 44.583649 65.251366 87.988464 62.005836 82.288177 14.823568 78.263084 50.777477 19.961725 67.734169
23.394382 4.947320 24.406950 84.891220 65.689980 19.533648 29.399076 2.535493 59.548428 6.458757 48.873314 99.377396 7.405771 11.042706 95.802231 25.327606 15.801525 89.331810 68.017967 74.876831 96.101410 12.601613 40.128197 84.089874 74.607452 22.416372 98.913445 52.870537 73.193848 18.875166 20.604712 96.588234
23.822485 45.011662 81.479446 89.512459 64.545303 10.878524 92.047951 24.093735 17.337280 40.921265 23.471125 24.743052 51.963966 19.273355 50.070656 67.765495 8.605166 18.088619 42.642323 4.706578 30.690233 82.770515 88.796448 5.297681 5.186888 87.709892 58.168221 78.380737 6.585056 78.772926 74.968964 30.407543
23.784588 56.448414 19.919998 88.329895 67.326942 11.967948 12.423627 84.664223 52.889210 35.894753 9.407268 4.853174 55.168110 59.477928 72.618668 63.773277 77.566544 15.260987 68.479858 8.256773 98.031502 57.276302 13.554454 3.218392 44.986195 71.722679 81.599129 51.571251 50.495602 56.568092 81.978790 74.280190
