50
0
16.99498784	22.87201331	43.02056211	72.81897269	85.09417204	49.63025757	26.48957455	62.88290685	17.2015552	21.56586851	60.30518427	8.823982558	51.27097103	86.00227432	42.11267436	81.59833217	70.31691143	4.95533342	28.2631022	47.79139622	19.83631766	89.86673866	70.7326533	19.87407659	73.28730218	47.59892078	93.74502757	76.68351451	58.50654726	63.03805868	29.42044311	90.50931834	62.13824253	59.80873024	85.17454566	75.02269257	26.5982465	70.27989537	71.25559792	20.82917335	24.57095422	10.30163492	0.050315964	3.756206367	61.33673266	34.63400625	72.67831983	67.67144164	49.64839139	7.55996936
85.33719179	2.383707507	36.27761055	28.83681546	62.74002714	40.57476466	16.41776481	66.66300508	21.38029986	31.70658658	69.41938598	25.03304135	15.67895759	71.80840901	52.63453239	23.83808883	5.584593118	30.27485948	52.23321266	19.84608072	25.08494329	22.0167166	34.17040177	30.56928758	72.07281027	99.70976942	23.47301936	58.02470879	13.07769878	7.12931539	97.9425392	32.04724492	53.27414548	43.07942166	74.67404004	39.5262732	78.786308	45.01143706	93.66691886	41.53778375	59.09492736	94.22151383	28.33130875	43.50066432	52.09338027	43.33628506	69.51767354	26.05221065	35.92772867	81.22575479
79.51768734	97.08959731	29.70886253	65.80914055	14.82326385	21.60177201	4.498091504	60.47541976	21.24783886	72.31323663	73.6717225	77.97033218	49.26938399	67.19778517	65.21946875	35.2022893	62.67649451	4.31606496	25.26227752	54.88727851	2.554610171	95.12457592	54.7261681	88.10864992	62.99681452	9.134792735	65.51566408	2.787586125	26.7751159	93.69347385	69.20920981	81.66816133	45.23956022	80.04730887	10.86449912	33.80689434	45.77346395	89.56125627	86.01963874	45.18545328	70.36481498	47.83458495	97.30594044	21.2271704	53.07822608	96.43257265	77.03346884	65.85535912	48.45229979	71.35711145
51.96348863	3.091678402	65.52316839	45.83939339	70.21988591	34.6177001	54.6781288	50.62556582	82.34251967	17.22245046	66.29041339	67.2917343	85.8015127	16.17655121	13.72241078	72.83933592	8.790243925	67.53911019	50.00970127	78.54779355	23.38039361	88.54829838	63.85756624	40.3511007	63.92433929	75.45280027	84.36379098	99.67689201	27.44317117	0.141266137	99.03896542	56.77679754	37.65332014	30.1447519	19.54488799	23.00670372	24.37817238	50.24540497	93.43558251	67.9964689	11.44288603	93.8278208	47.19926725	77.73051301	89.90187659	4.457070368	29.20093071	50.24363859	28.05910782	75.68629986
47.09766274	48.53870153	51.52595237	43.50514435	71.52854284	54.82585127	3.964503575	3.421035291	21.92531362	10.1415172	10.46670577	62.42490187	56.4247729	98.86176761	37.11419442	29.96826488	57.40771956	72.28605664	79.62776581	33.93604238	73.23035542	19.215309	31.55537884	78.56290821	59.47607019	9.711071618	52.28680179	71.58859904	34.35976547	73.30674299	57.40046434	23.98209307	9.777372573	23.43941379	85.15914046	63.33036977	85.13979721	87.45191772	5.564390857	44.66036808	94.83226104	33.11754681	60.82302812	38.39625028	54.46810331	23.51914186	80.55133473	87.07507962	16.19681485	44.80129437
19.84972516	85.97534535	1.313666329	67.20122485	79.27638274	12.67263748	69.20278858	66.73793488	79.26454714	68.2502491	71.06276547	50.28457676	5.207472283	90.00088067	52.83819797	70.97370283	0.855921779	42.90190111	52.85896887	37.36617025	3.216956351	71.89335519	42.14014094	53.4963361	57.606899	26.88414578	67.37960283	39.71371732	11.82175292	2.005937925	43.96562538	5.11843233	84.28591842	8.380324359	56.22922195	55.18154519	75.67934307	76.05516164	33.90385604	68.07075552	81.77609674	88.76016623	54.65013363	66.27406362	96.35063015	60.80453276	18.11596569	61.5454827	1.348310389	58.73991181
45.06292518	92.57135408	86.51667222	48.05676522	60.9259846	10.68157988	55.42874001	11.96356216	83.1594734	6.367474748	69.15357431	17.66988644	49.24510346	56.51214904	40.39144567	46.42132604	74.03488535	62.00306441	8.771537047	15.34846266	41.49829023	58.43163246	65.74195905	13.04428957	16.13211126	28.02944759	37.45313273	54.9024038	99.69760618	59.2045646	7.058950694	43.41788432	64.6050168	43.01738763	68.23611946	43.72461509	15.06712616	67.33125183	23.70872281	41.72266741	24.29232704	97.47279992	91.25461044	18.84245286	77.45990475	7.766167319	22.5994156	33.9883644	2.42467929	98.77719403
82.97759147	13.31158159	22.48833659	47.94685761	9.9082897	27.37159043	75.8792379	54.32745403	35.50343654	11.42815154	60.86800172	8.244032418	99.39134215	18.38828327	50.64510827	18.38539818	43.52802866	7.673932656	78.27193497	79.08324315	62.03516773	69.36910865	92.57567508	39.18596553	96.56510199	69.12005982	64.00353774	99.74282734	13.54748365	1.592297426	38.80868109	50.6417713	99.80592884	69.16591256	11.20759883	80.9911207	47.43937463	1.181115378	64.60958668	95.81689736	69.34296726	12.54548171	45.14127064	69.65408117	55.10788925	77.36727815	3.207728673	44.32251935	97.33628898	91.0244244
36.99338915	7.697399209	19.5799757	26.92814078	23.91391727	30.89201885	27.23567022	85.73041479	96.43277772	34.27985378	61.11411612	98.54067509	57.33290861	3.510210039	88.74078082	29.51470976	11.66810034	12.44817676	1.078020036	18.81136105	14.39043664	27.40332263	50.38817564	74.84973918	95.1634079	1.414364258	21.98687732	71.52830016	40.14298061	35.95849869	29.45078925	9.935979365	1.344502012	46.49930728	23.7734726	44.97183252	49.45855734	73.41187771	78.44473064	16.34632838	14.27483734	77.08078948	98.95045862	11.82050073	69.94473269	55.48886337	81.442009	96.11146489	2.354130314	24.34987598
50.8257704	23.72199851	55.3504937	16.18094475	60.20077341	64.12455327	16.54839917	72.99700769	38.15965841	47.26723131	22.11610594	8.418852138	51.97131479	7.137164714	7.75461178	84.69358276	23.65182569	77.77305453	24.52096048	81.94878673	40.34477818	45.43002879	87.55246829	50.37455324	5.76160401	91.81978043	40.17705406	13.03980445	50.15577659	89.63406576	24.66765588	74.28606513	83.79401501	32.88568229	12.53718617	14.07415075	72.57600455	19.45646248	41.06623054	5.124346735	30.84820642	66.30154567	70.34004906	24.61435527	43.13963373	8.504913964	23.31680892	38.60926847	92.43286232	77.67847724
11.61850785	57.2725383	93.99415437	84.30805776	65.34018723	62.99625116	64.49740439	99.70930432	16.44071488	37.0531308	69.16905852	60.07419866	8.57285025	17.01257746	95.47704324	25.28634859	73.45806514	60.95922561	85.79534999	61.39733968	19.36306009	91.48199443	51.89825905	6.70184495	84.98481313	2.765142226	67.32267427	62.85102717	98.27815245	55.25170767	20.70536278	88.83074306	8.956623408	17.50088939	75.35191739	90.61899729	76.06686641	72.52788889	72.61305422	21.58560174	69.65214328	38.65811157	53.68375625	77.96140754	19.77602342	78.24768151	94.00329347	51.96786622	56.15412369	64.73396131
99.48736338	99.0594514	94.73443323	2.44896428	46.57190303	90.43816641	70.05129659	10.16105068	76.59312824	43.96521165	4.766673889	23.6476784	1.158838443	53.27784283	16.86242006	18.80841354	9.94686451	5.310693671	11.42788835	14.16113632	0.966541647	69.17318608	83.78750282	46.41718828	8.140476792	67.16777122	50.8229947	10.27518224	91.30317952	46.12319314	15.89579075	80.1776579	22.41515538	87.74734306	1.043210776	83.01779397	29.01287102	21.27592044	95.9774586	46.63957291	90.44711708	62.64816106	70.21099304	17.70218708	44.92403525	72.72093404	8.779173976	62.45629322	0.775684137	27.9029881
2.233025972	29.55058417	3.092236464	17.44662819	26.03365397	84.27144437	3.872179636	21.84746164	98.08523813	97.85264263	49.21687611	82.08974152	94.96544525	52.38149044	68.32414025	13.81567085	32.31096545	29.07676999	11.55513901	57.50927251	7.167807746	61.73168232	48.82869095	28.88249715	62.34821855	83.72991984	60.12085691	63.94334019	56.097951	51.87898214	24.11418071	5.369873412	29.2387484	20.42774354	66.71844289	2.69756974	56.7900389	3.934878629	77.33462447	73.59487111	25.21332073	22.18215785	98.25935614	60.23727063	1.306971674	40.89214822	39.0016789	11.21621842	6.143252393	22.52817326
90.49513375	45.54976159	79.82914613	23.25563228	69.45169259	57.28325595	61.90065804	73.7937176	85.45798624	91.80980319	78.76528695	85.17512333	35.38207867	82.72681507	56.4095303	16.60642485	49.5781954	5.759053488	80.29454088	34.73608377	85.47783948	78.07146928	53.99621107	51.22301157	51.14839605	1.032263161	40.60168949	62.4039187	22.91617359	26.49117171	3.569183955	35.52267354	57.72247699	67.86499174	47.91408825	28.15949524	99.66734483	60.910961	71.00533775	7.086171302	3.065126246	48.06532445	29.93635247	19.4802011	38.46204147	6.299215662	27.35059737	18.15629466	0.63400668	53.99341375
0.065154982	99.41253617	39.2285598	81.57937599	60.45018083	14.91227463	41.71167005	19.83608998	76.43692416	62.29687353	96.74559554	79.12847207	78.5988031	83.12636145	62.07630024	19.59636716	44.00767134	16.69087514	4.297580201	66.655388	11.08708739	91.32631692	46.12752495	44.52072408	20.67359982	34.68572313	39.688511	48.06947008	31.63268705	42.96529909	90.02476356	71.86406078	58.71167704	24.41490133	98.82261366	83.82265928	88.36612644	6.655660574	10.57242779	64.99449931	60.33757347	90.05032278	34.88367806	98.56363228	94.03064356	42.64523892	81.47566714	65.91035524	72.28838459	94.82564894
53.5130917	92.28375622	99.80460008	3.784040303	83.77347432	35.64639156	6.87914525	29.60674395	45.73785911	89.66956572	4.558786848	33.96907576	41.58864748	12.45292117	98.8813554	30.75412704	26.1616584	71.01363958	36.79767981	72.47335306	50.26033042	81.17008725	4.223974672	8.839828723	31.3932597	71.6048838	26.91694496	17.31773016	56.36670987	81.62118891	35.0402934	50.55007353	21.07093198	91.4931854	44.7667429	96.4477979	87.93294538	83.44217826	3.333161888	70.24470495	42.90317002	72.69159197	28.32149119	59.00441982	17.87645555	6.838886554	3.654222418	58.2414485	38.48215062	42.93595451
80.10776082	3.858231272	20.36403647	19.20666752	19.23875639	57.97280079	95.54185638	52.42183323	49.19969077	65.55915879	64.8430361	64.91256242	1.118892685	47.31859304	28.07391854	49.99016062	87.73520522	31.41956832	61.83173619	85.99793638	27.13230521	40.25642234	95.43516552	75.8800649	49.85333411	76.40141562	87.49845439	2.647421223	25.35603044	7.586659119	71.84921363	54.04216618	72.55203815	43.16170754	40.18262863	33.06812018	40.01722534	55.26136684	99.44573606	2.211372243	7.008833917	25.36224284	23.84583614	65.45924123	79.30560307	3.825836401	37.84096769	33.09346577	8.852237181	18.34925118
20.84939773	16.6406067	83.76305436	28.30621801	62.36037888	56.96272377	13.38627832	71.49749536	45.101327	75.94152533	22.35919828	60.47362579	28.23685745	32.61416992	81.96983661	51.03241036	41.02517768	7.201072105	98.46758324	69.64407363	79.08113742	52.33711316	43.45877974	75.44351977	98.94379326	73.1988762	12.55503511	11.21254866	89.54704718	82.17934029	0.275493756	22.99654324	67.36898538	27.16722821	40.16270744	80.82639775	65.37574509	17.20108039	93.07846489	18.73670857	57.91633339	90.53902778	8.642220832	20.88745091	58.36067307	79.75699902	73.52424801	58.26000492	97.25164063	72.98228616
38.36342843	90.55658144	13.04811872	96.68790915	10.21450349	5.992280193	85.88024281	17.30477432	22.69513094	76.73107916	83.83383618	95.50687585	45.38368154	33.83750443	69.48943571	7.257490658	91.36704372	9.7465706	48.5576758	95.84166841	44.90446114	19.33150573	83.8501807	26.44996541	8.207141875	56.28502014	90.34251274	10.57841825	87.24443605	51.75115659	16.22130531	97.1051669	45.98771527	72.0376647	8.44925188	8.414852832	79.54841268	62.24066564	29.33835736	94.84411156	18.0183922	82.45313097	79.63813393	24.25792333	51.8972055	87.27329544	17.85218566	34.86178948	93.7811219	84.52812834
38.94516552	49.05022571	61.08993652	42.66273782	50.08819784	35.21086816	90.8385596	92.893623	1.726964848	89.91339909	18.95656327	66.5577305	14.61962191	72.94785212	26.85502094	83.41043379	83.41868881	51.96178582	67.24377646	7.344890373	40.8669286	6.507057476	22.09410387	52.31213181	23.74585675	80.91924017	55.22486708	46.84295731	71.64408111	22.64647407	11.08270466	77.99878618	55.7279793	22.8144183	11.12780074	55.46105475	86.16446787	48.54841761	80.28942064	68.2774359	22.90982069	1.636427249	82.16229102	50.28590259	35.94871454	1.840607898	70.54482315	18.25491589	28.21634197	14.99749836
25.74115463	80.32323441	17.26778668	72.03664368	41.59402438	37.2193349	28.97311121	46.82337945	30.45667817	63.65974895	33.05188948	15.91376999	36.21223726	55.22222726	19.63276221	10.23162197	57.59906403	88.67749137	79.53053365	12.40969358	28.90700174	85.25613215	68.84917644	92.83151867	13.63438064	11.69250235	61.01172328	54.35218291	93.23394389	97.32553981	62.98993088	95.32884318	85.16718051	78.97353481	30.42814073	59.67879732	82.22051137	56.1136096	77.35975437	66.09181025	98.4963818	71.67163842	2.295257369	48.78619959	91.39946786	25.48288364	75.57510773	92.03027112	57.846189	14.19133602
10.03021184	70.55861426	92.01220552	38.78668847	21.3605768	3.770049449	78.17012576	24.36648525	6.962980475	71.71705326	62.28741977	75.63880842	68.22987932	11.92405444	38.03750831	7.217426612	84.25805309	11.18208911	84.68371851	66.0083686	50.15945118	39.13806762	23.12348671	41.06770897	9.018948638	61.71793389	36.580734	63.32205821	98.4239472	81.06266875	60.06850718	79.15370804	28.92657865	60.98805108	76.71973603	55.03116084	98.78911953	54.08018422	33.45511133	53.61954378	72.58235325	94.24178124	84.90961382	75.88475839	4.676487531	27.83642621	98.80247217	10.04682968	73.99322103	92.1446096
54.38560582	54.57235331	2.84434075	51.68979182	49.51238531	81.0040517	54.81133004	56.07295844	66.65502112	35.9875016	64.39976722	41.03988952	5.736838788	34.83932794	85.04779287	66.03785758	66.02649392	52.63003528	3.785177117	9.88539849	51.21571747	42.09987913	42.95765884	45.0184045	52.38668627	29.08697651	79.47235279	56.39333141	18.23499742	59.83521419	89.52758988	15.92594261	59.26862253	37.60378945	84.15348329	74.98516876	29.32363023	41.82252758	11.80427667	6.352093392	81.76835216	6.133055057	8.504931279	25.2623574	44.51030513	29.9013123	78.2296189	79.37318945	57.17171177	70.62035682
15.23240192	15.12315199	15.47475341	55.55616624	63.52334843	72.7778933	16.13298109	57.43143561	0.695602004	86.20757943	38.47932464	30.90495978	54.73992665	81.17350823	51.15934603	21.21274513	52.37957585	47.40566499	68.9048557	81.05214257	13.99695331	18.65520739	90.59878403	23.96363575	81.00396625	64.17016713	79.74604095	40.361063	49.93157971	65.10362034	28.64494222	60.52261691	22.68351168	82.82905625	0.213985044	45.77483552	27.80230857	29.68935546	40.19898514	47.29617954	13.51892325	31.74637916	43.46631686	22.16461311	12.85947962	75.28078083	44.26884184	24.9849669	94.95701634	72.26883283
40.39660699	28.41754175	97.91375773	31.65923688	55.48361678	82.28871067	48.2861206	71.70297909	22.3208274	53.47923753	99.28596915	82.39590336	13.83665653	49.56931124	3.28294111	92.54005801	75.60092734	68.13976476	13.30714584	16.94490588	38.12625706	68.14000929	81.14147504	14.16060276	64.32177947	80.20211261	18.32434339	89.05275063	13.95180374	4.607564667	27.95596883	3.624107559	55.00691234	11.53936535	70.67010564	54.51427846	99.13885993	36.15184344	45.46753238	68.81614317	39.40000918	65.70719123	94.89682658	3.707118524	64.02844992	83.92713312	80.04862064	24.32895536	28.95110524	78.45397715
87.24845086	31.57363144	75.37851103	68.42755715	85.33952041	81.00814304	13.46716715	77.49373211	68.97968721	6.363248229	80.73621506	91.55798619	75.28317928	13.83626761	54.99301853	95.60902855	71.24364794	36.36280259	58.73402999	99.93702338	63.73317107	24.35371911	86.23462818	85.97590417	49.80329878	60.73088557	52.04749733	18.89630764	15.08479371	31.89522225	12.84214892	61.66272583	46.30997779	61.14853793	55.62036765	46.46185303	68.62497512	3.656579677	19.4333723	39.60862481	61.03957232	52.57245611	97.05957858	55.97638517	95.63982914	43.46858071	62.78424493	41.87506617	78.31920814	64.42746528
33.8742681	76.91812205	13.79139075	88.27280991	36.28660014	11.72073589	8.336024886	11.60807314	96.45807176	59.34005482	45.4072806	45.06445418	31.78923581	80.87076317	18.0734834	49.7215554	69.35664873	75.62130997	46.03993994	57.47777551	92.03109123	4.594881944	24.60889414	46.1866708	21.52761436	81.59040621	5.680524085	41.02818664	65.08698201	24.32434655	77.2467897	47.75929991	7.678193293	34.00678581	51.21551554	30.61783568	9.94225843	28.55186224	71.50037053	75.7058892	30.95776008	54.23753441	41.6985165	31.23731608	39.73232051	78.05650707	39.3280249	53.66447912	76.00089026	97.11054226
80.50559152	42.12631161	36.79056416	2.740938367	53.52574769	25.56365826	48.43146615	85.33271649	86.03498557	19.40997522	0.95743455	39.1771028	10.17005111	78.4675159	93.48102728	94.48359877	69.09971512	56.5178315	26.02489061	84.19556093	51.91295874	45.93359209	72.99755909	61.8673781	39.73817936	0.847901409	6.216409905	36.07414583	55.50741806	90.11358048	26.3870212	54.14390392	63.98013051	50.29842931	48.54509783	0.469444571	75.78826858	81.31137518	19.72295969	69.24615379	46.45497499	36.65014693	9.255116988	70.61156301	34.80188643	29.03000274	8.762613932	24.0191295	85.82157905	23.6451569
13.35276581	44.02428713	57.2814352	69.63227057	58.81585084	96.76279206	68.14534069	28.06856001	4.911488297	90.47536253	71.94957674	87.01900247	36.74870154	40.04004887	12.88616762	31.01441032	55.65684493	83.91281406	0.134374047	93.25539363	3.295490434	86.36064175	22.2463033	74.95447854	58.84864985	52.16099251	88.34564836	55.08909695	74.54561064	50.39907385	45.10678432	64.17855616	38.17290149	18.6679513	37.37493767	51.75054482	40.87149571	18.22404227	75.91693131	16.8405308	63.26711773	47.47013115	14.7013954	52.49863166	85.85474164	41.64762464	98.29389652	84.67691289	49.10529681	6.079244818
17.23045171	39.51062516	53.65818907	11.50289854	51.56038343	23.74271807	95.42988417	96.86633012	33.56057666	33.89883895	25.43563492	35.24684727	11.10583342	22.66834772	58.58819376	36.70001568	65.43574823	71.55354751	58.53088771	20.29740301	88.00888901	81.54745108	78.11630361	97.49358149	47.87915716	36.19736778	89.86442034	5.84014061	14.47154393	46.00441779	28.17096349	99.50595008	42.48874252	59.81318804	51.1663136	66.96218602	89.91975979	76.24423858	61.02562124	4.092853308	98.44034083	0.497387943	54.59491317	27.03662233	0.036032155	37.26870435	53.85721211	31.04418005	54.40884498	16.59275485
85.496846	43.04177475	15.88602341	64.57552907	94.79776499	26.13463919	15.03912344	25.03476177	97.04393111	12.59786716	54.21951222	49.03799408	3.901205742	37.22936665	17.48383337	44.24810166	91.01859001	57.05910598	57.56088061	28.82271944	20.27803921	70.8112368	54.49335373	46.10237954	33.51813778	9.505946666	14.79301573	43.61538363	87.4135861	71.75634221	23.59048841	40.84850679	5.07286292	65.40552945	49.00446969	83.63093584	10.20179323	98.7113363	26.30741701	9.997781485	67.98324802	44.73486116	24.58734714	28.41781431	38.89663252	28.68130414	23.83824717	51.65807598	74.40648321	1.75683526
99.48149741	10.32066749	34.98428781	25.08274036	99.65925032	31.42404816	99.21148963	38.6780475	28.80830698	23.77514182	0.979497155	67.04902613	81.42525849	64.07410393	34.80221732	64.26080041	78.77148557	72.00345015	14.4119481	22.17150541	93.17160912	44.01605584	57.99439507	16.9173921	69.88002113	54.85076954	97.84483185	12.6188911	55.37589668	66.63033806	64.23663919	22.9392833	85.45313168	86.51841468	34.36213487	14.94052017	74.00960683	83.05779469	8.461952816	48.23258648	7.827535242	7.598853993	22.34901626	86.34778898	61.88927201	90.56095872	51.50551194	32.30063177	60.22907941	57.6530591
60.80181241	28.18419161	24.30545602	66.61177397	21.04934432	9.428945217	30.78555621	18.64823099	4.48008058	98.89952275	17.40236718	72.38781474	98.26385788	78.06096603	99.31132448	86.36678151	31.25679118	5.668504041	47.0715415	36.43952622	52.5491156	33.06627544	74.74697998	61.93937542	2.444882906	0.578586292	97.68598806	43.6906759	9.284706548	19.08450897	9.130846014	94.21673063	72.04211291	29.65329853	95.58881045	34.20843404	55.55569565	86.81692369	59.81720988	50.47278781	2.349624028	65.03391916	61.29458762	54.0666012	55.87914507	82.18814055	74.81520433	70.94064667	47.14465474	67.48284212
83.49508388	53.97684953	68.70067656	30.24275935	63.28454978	9.605406036	34.14941399	87.07322779	61.93769737	26.19750525	6.516208678	77.42941303	50.43593365	68.45905298	20.53502422	29.92072216	94.34956474	38.42602341	31.51601727	24.45191345	36.26675082	33.56888945	9.658342781	46.33820219	67.80766031	84.39597069	97.08361529	63.06878415	1.327034999	43.33778886	51.69884056	80.6046575	21.36181965	0.327724568	28.10256827	69.06866032	3.971279654	35.62749774	12.38274147	63.45420288	34.8591885	54.47217028	35.45151486	85.1548014	59.69821241	59.2024261	57.64855099	83.3109809	83.44492934	18.89236471
19.09671331	94.47049213	43.35942594	12.11862589	82.97676227	85.52544339	35.28227317	24.03330335	68.06026999	35.45058467	61.96029079	69.28481727	44.16253139	1.574438144	9.118552264	83.65584151	59.02706061	41.17354653	13.69758069	55.74364585	20.41201351	41.4567488	39.67775603	72.18797532	31.29538032	15.6823733	86.91001215	16.39247894	77.62793552	25.94820881	3.171469728	43.01301056	38.81896157	50.66919434	86.47733899	58.8282828	71.81107041	55.52256495	75.77778491	96.35169827	80.61134286	89.72373955	11.32861681	88.8992503	19.55536862	72.58090393	97.45462477	15.26632439	1.332420291	69.39362232
6.817143652	59.41830885	88.28012867	6.383313084	35.59304229	93.6746339	76.91625249	39.52326945	49.49414839	94.50783637	17.2543976	69.98489448	34.55903058	3.963400183	4.948471588	79.7759966	32.00724926	64.89234775	66.10024176	32.18168976	16.24854884	94.49171563	89.7011376	47.78288777	67.90698858	69.57017508	6.119228832	85.14001641	66.90326975	68.98131521	44.66083022	98.76035876	96.82997957	8.283749736	0.826255435	65.88991523	89.30403319	30.11483517	98.50850182	50.6724827	45.66590491	26.4553371	43.52876318	72.76890591	78.23536281	12.74403415	12.71733317	91.74789718	4.838623743	69.49073266
81.51546137	78.91778165	73.37491588	14.76725935	95.17015151	37.5313126	50.33688927	81.67203475	36.265423	57.90321888	97.35785741	5.31117009	35.24867248	15.49545025	10.73210778	56.9220219	67.32643318	63.0219616	37.00856006	13.14444983	53.86178003	27.85951806	73.13931144	99.22380036	36.41945593	94.09852115	11.20562969	91.2719902	15.98498694	3.472612207	61.66085199	41.4458108	44.74910186	13.33877861	43.82684839	50.17618707	39.72511801	53.50700313	13.41155041	91.45880489	93.71200672	96.11969487	77.24711303	16.11451158	14.69494601	82.9441179	38.36219499	14.35647865	67.1920446	10.10592754
44.84369238	25.64651322	84.39598605	38.81356236	93.41994815	54.15310873	81.77364061	11.32941598	50.86550915	23.91975577	93.67349367	28.99796098	33.76448711	99.10962012	46.64554223	29.06639142	55.91021484	16.42194763	83.79931442	84.78234492	63.5641599	88.26399635	85.48198953	57.23754074	88.68974658	89.06501154	19.05922853	59.5125133	93.0646116	36.82353143	40.79938086	96.17315118	38.94849943	68.76614742	70.64378571	6.399974188	71.4224956	25.01113777	33.13011344	94.20742633	96.50555553	66.02153321	4.37855483	41.50633706	1.959264736	80.70507982	39.59077295	31.12286281	49.72895722	60.73645257
46.26740245	99.41008554	96.55592715	91.22876619	61.66715968	28.34085663	73.72285086	5.140261505	80.01177362	84.41196721	43.29794867	66.06194664	72.75574448	71.28458941	63.75702055	43.49291487	6.980026018	65.08975105	42.5502553	62.30449883	7.784379338	74.58075768	59.8011879	48.24267986	42.96774815	45.32107396	44.1578548	11.68741326	64.40031881	14.34092742	32.98769248	39.70254712	56.2507503	34.75484147	14.945423	69.48845222	21.48852443	76.60653903	60.84450661	44.35806054	57.29996481	59.33865013	22.93198829	57.95989905	52.02488197	55.72526779	1.722118552	14.62467258	3.691292838	82.03297439
48.34201105	69.51745663	77.28937459	94.53866792	79.59101715	71.19307227	29.38011371	52.51487252	31.34368492	9.159076707	57.55541011	87.31858387	43.32875094	81.55634454	86.06392097	62.81242565	64.47538841	34.52144212	8.637248339	28.66504656	4.049749513	19.28249091	75.50787885	90.67909453	29.4863708	17.38709797	70.78880366	90.96406869	93.05371075	67.11894257	8.403912992	55.67083757	42.62859084	2.239164862	93.86779615	3.638782649	57.1307996	61.78365981	73.05929948	3.058280834	28.1878367	22.01359252	83.23017211	45.10949841	11.40867429	73.66338832	9.20934558	92.16727728	62.22842656	37.84336877
53.51465669	53.16693569	34.06481106	3.221036045	24.80110569	87.51045056	60.89327309	37.37146555	97.53515768	1.638776532	96.64046377	11.82906879	70.98530742	45.18062954	32.83826568	66.09529096	15.87266727	48.2474794	86.70603538	4.858293534	64.80124973	47.89072872	5.17759053	55.27770146	32.2898491	22.5355567	66.24121696	80.98787481	84.01307496	83.64060526	87.61641707	78.30314215	88.06565902	18.68918951	65.47638295	84.24480247	55.34442422	59.50440283	91.1756549	22.26883936	20.20783446	18.11215045	58.85215551	80.59150158	23.39937861	58.52723143	44.26589233	18.96651606	79.72151211	35.90290562
26.72826151	79.52981988	5.742425989	15.07207295	98.70111717	9.05071936	50.73843509	88.16999917	91.80132254	81.93848756	40.43459313	75.54484269	71.42735372	65.58346354	0.854030141	74.34601827	7.143961475	41.51769203	30.51391502	38.42578537	49.4756909	62.77390399	35.66260814	15.29755443	65.81793732	21.76495625	59.41979707	1.571523829	74.74057317	39.58991475	91.2589725	56.56674124	54.91301811	55.96750696	55.89445594	14.86832577	17.42209984	62.40219884	88.69508303	56.23307861	1.251968054	81.87565454	6.039058596	19.22081937	13.06824021	61.44805187	91.17082541	8.208012428	85.35507788	68.21894579
65.48328502	58.82967671	92.9768848	9.901694793	83.16851429	5.490280769	7.234549374	19.13143492	87.50764029	40.88405149	28.06004914	55.14730694	17.08204697	9.76554597	95.90675452	99.51269282	40.49211288	24.62884148	59.30707495	61.19458238	24.5222767	8.513111994	81.37967685	66.49302954	46.69884969	0.846393033	58.09256838	59.72757083	82.22264399	90.44080074	66.44691326	55.08427959	52.00264702	14.29205852	40.16231431	58.38214029	88.02035914	47.38052959	95.93421012	44.6294	54.25600959	10.20167895	96.01618578	98.80472538	39.81067445	43.8720151	26.68727507	65.02600438	21.55409739	70.37910753
70.77348262	77.57158438	78.20603908	54.93432892	77.46445783	69.25267397	73.70505999	85.20567909	65.11331655	23.36473974	10.38266446	61.88518233	67.56995439	13.19147926	62.91707971	58.53777414	91.87085847	82.60532108	75.22529618	84.51401152	47.67110532	7.552425202	46.54392246	30.5129557	46.25989238	51.24991621	78.88629241	11.04993168	90.66691191	66.49623243	1.507449953	27.11349589	95.3705983	20.48272844	12.93586274	63.19881175	67.8736582	19.21420234	4.059138457	43.22882366	89.87444881	36.31388802	13.89515282	49.66669105	22.93944174	55.49314151	70.22424577	18.92406286	39.432573	26.43453917
29.32700507	10.93655365	59.91853292	5.147551248	26.93581973	53.65764344	8.993315966	0.905143662	89.96169542	84.08736629	2.837216437	14.92990927	37.735399	55.85448714	32.07136917	26.99840199	18.23386265	69.60979786	33.90162635	86.41844844	83.84420179	84.16060388	29.21474875	94.05522331	45.69453375	68.71535917	66.89237337	61.85468398	80.23061722	93.70249002	64.18605627	12.94342658	36.44732583	96.38473618	41.45031677	86.45816233	82.94998832	90.71211753	97.06850059	9.289003067	81.51921642	83.55880592	3.441613819	59.98110634	58.34787838	91.24627969	46.94044754	1.686543471	90.10666486	38.53554383
53.59057995	66.52310066	78.93389543	59.78607784	49.62482583	23.34730999	75.64102201	0.061633689	32.19855254	88.94312436	1.874646273	62.71304024	45.39337816	89.85772293	48.26318025	23.81976022	78.66255233	41.52049946	48.82698205	29.57116487	41.17690041	19.19677233	54.73278788	38.82320639	94.97047087	59.11877196	59.96616879	37.54131557	10.1981689	27.09121234	6.178881212	89.56125826	30.1142422	60.61595889	78.61042728	97.06684155	52.27173358	36.14531095	95.28881096	49.29529305	92.99304121	20.47361445	93.69167597	6.44909692	83.82460911	51.74176126	61.05481189	59.81430792	58.43648382	73.21944493
23.20934	34.0812487	63.15046677	39.81465954	53.84377032	3.558531796	36.58897952	42.27479026	60.44328745	49.73272204	61.87332459	11.71548025	24.76295033	50.44251848	29.41752321	29.67738678	22.26664342	72.68460619	92.58932528	92.98908103	64.36955301	64.79764376	77.21314253	51.88942152	95.29331487	25.56750022	80.75633477	23.15011166	14.30409749	41.81360778	69.45660611	50.27108836	54.41171698	78.09375061	69.21948038	85.39887638	35.36897416	65.42479125	90.04515955	69.83074259	83.44439351	68.17060287	37.76138986	35.99387241	73.37229169	13.01290469	45.07679566	0.104317438	27.0897592	70.59270011
81.620395	77.03833007	3.825381805	80.13733376	38.93085952	41.08296523	88.36266395	55.56777078	92.44674399	25.5858479	65.5551726	72.61285972	93.08139519	27.1372593	65.72120327	37.22840396	16.00277558	64.42809989	57.7013301	88.97689684	73.24008415	66.86713922	6.753849402	27.93896104	99.1790417	48.89213973	32.23327463	4.271476206	44.59261193	98.06074641	56.66001578	2.931826847	65.27447835	81.7927746	51.46333195	46.11062781	72.53901949	99.30113729	17.49576573	59.39962815	7.678370506	95.46096957	5.497293194	47.90767134	82.61227351	10.16824047	77.69380401	10.81859462	14.14490399	87.97425098
69.39397729	68.47762798	94.90131316	19.53552842	19.7108502	52.16893425	51.18969762	59.07614344	2.416278348	13.28030403	3.974107639	97.68727654	95.07248851	24.43932008	80.65465154	35.7556154	72.3090545	57.67495705	39.88019193	89.13338327	92.13956354	39.53388088	1.172489968	53.40450942	0.706199086	70.24411222	12.94134639	25.75786176	68.92448972	38.76373607	99.26067714	65.78617554	45.02349831	0.686900471	87.57681892	49.56152789	3.688944433	12.27921146	55.06272506	38.46298354	41.35285461	93.02379662	55.0204418	49.4335993	25.6403276	87.4585898	18.26846356	6.328049432	16.45973749	97.94203178
39.31723832	24.20182199	24.71800126	86.65583341	25.75914233	94.5941389	69.67101494	88.05005006	95.53218299	40.56668347	60.32647519	21.05130645	94.179535	7.611264289	74.35743062	46.60667563	39.36203923	42.54538874	93.58347805	66.54445886	4.41829738	41.63160449	2.259596595	9.658620503	99.69240176	36.47747751	37.04766324	63.85628885	3.637878483	98.6053769	81.51553242	10.63498417	12.81671834	14.86840859	79.16648248	82.60257195	78.23435704	85.46990176	29.55266565	37.13467301	65.06038488	85.13383582	82.92778005	30.77606617	20.73455013	18.9282374	82.58453274	35.11891556	10.05859749	77.67694887
79.85310387	69.66232989	91.11247321	9.180495243	48.49952079	87.04539682	32.18937746	87.97943527	80.16957401	6.659532714	98.6602552	29.02336104	66.7818203	83.64842129	89.15959787	81.25960917	27.88317522	90.6887067	80.41480368	43.43176415	14.53259392	24.58399159	84.77888754	62.80430212	48.89658589	30.72919499	87.54560861	20.38971754	12.52253396	83.11216109	81.75336143	78.95216818	21.00925704	0.267692923	43.60829487	3.482436239	48.06323924	7.628292428	82.17974281	42.17866141	9.444202494	28.1050285	82.97061299	58.39272543	42.24337777	92.04552089	55.88633222	44.60956001	84.01367537	65.78204019
28.24552369	91.55324295	68.96029323	48.0607924	53.86795702	29.16424816	82.83379935	28.08908396	40.08003319	63.23851077	76.80145038	42.64195674	33.09163864	7.900339119	10.0472579	43.07692512	9.901859451	33.17340734	69.77987123	38.77458791	8.066581655	36.86027423	70.79646293	21.77615959	77.4146672	66.47913732	86.379564	51.61979159	10.80098975	15.76704597	4.462581245	91.8181963	9.04811874	2.607189962	11.58689764	19.28923687	59.93654276	0.618308146	23.85253592	97.18696851	29.90449254	16.53750289	23.48932109	68.6089108	61.49713253	37.08491361	12.97741647	85.67334411	32.30950771	60.44405664
98.88512889	50.28726649	65.2682669	30.32225475	87.09444774	58.98265344	78.98539712	97.03567916	85.34283918	24.0474326	28.36004883	73.42309179	65.32022106	72.6210329	53.83733958	94.29752507	2.651296342	44.48413655	72.66995881	49.5984801	66.99079866	82.42627795	88.55869942	3.452019351	85.98154987	28.00296052	66.23632716	91.66830831	83.74811623	79.84851965	10.61673478	53.09497271	93.12927213	73.89101181	38.65449938	46.82140155	56.12501381	82.25107349	57.35289537	27.0876779	92.3839297	55.10333838	12.4101379	43.61654482	25.4578635	43.44518685	62.15100887	82.13258365	39.39906849	20.98506716
21.65084155	29.54155035	24.79290283	90.61990142	10.4613669	59.5304517	82.90357893	96.76619888	88.20360688	82.1483289	21.82586357	13.49667545	4.531824004	57.78722918	3.845261432	39.95327451	68.65350272	62.0048354	57.0364098	77.27386928	14.55126716	57.31606362	39.85399865	15.85030253	75.57062629	40.76932442	29.93075898	80.53808496	64.8077536	34.25697799	71.46930106	99.80812425	82.74415613	27.77345989	81.21094547	77.99443917	20.88499564	39.70963842	35.63860767	64.08843598	49.43992538	7.534838583	95.61992005	46.34617014	33.40724507	19.57240612	94.58356846	90.80726648	32.12195823	32.64012581
37.68966606	55.77579597	77.22491331	21.10103563	23.85170493	39.08602239	1.038562476	43.40239549	70.09324205	14.42693513	11.68862251	95.50779	33.25388778	87.90764287	31.70416556	30.84501095	92.38995777	9.930425629	50.59152805	38.58050093	36.80268472	52.44587789	75.88008071	12.50343037	38.06411263	71.9778209	37.9875006	2.50347682	20.66828285	47.45806404	79.78275	94.75936905	91.87908257	16.73312599	45.84610321	6.884325023	99.0581351	52.20389452	91.69731117	43.80546325	33.39835976	90.6396154	18.17919444	98.85688141	56.96919976	43.73016543	88.78960206	99.74114494	96.82782564	99.83486441
37.82065586	72.34368999	91.89266678	38.16168173	36.91745912	18.71343162	63.26458619	29.1326623	97.74348736	39.40513708	5.30191756	95.78258565	17.03782716	2.656308792	49.70065951	60.41475452	86.48200574	12.03887813	51.57610175	43.31636825	93.30264629	91.97116126	11.59648795	46.05256285	79.59901947	21.50607987	41.79933806	21.40467719	45.49968001	48.89102059	41.91399419	98.45699332	10.50064449	69.91841409	47.21252327	47.83295244	90.27398391	69.40503466	9.101503642	28.32091955	25.01885802	32.85509013	1.679840724	78.60913026	99.93565841	21.5355022	94.40947599	30.30097356	72.65120637	34.36141419
33.28189487	72.31584368	22.23766501	83.71696481	77.25622285	85.1652564	71.76703991	71.52618567	74.95194193	77.40930431	30.38406582	12.49508798	2.226483051	15.92417744	98.5059881	65.46758458	90.82249403	28.98150774	44.2017667	32.10778136	75.29479747	75.53559977	95.58620204	27.6538569	58.90034211	92.3296528	63.59287357	45.77141838	44.53504006	73.58849718	96.04227762	34.04262675	98.5034787	69.43223787	37.05191198	53.50688843	32.78488236	31.14716998	22.93367749	17.24099059	28.48031786	36.94233783	60.03649755	25.69364489	19.71605403	87.09122756	59.15447001	70.97303299	20.38313668	3.025503909
17.7286288	50.53944912	25.49853466	77.59629099	7.381741918	3.809038108	69.57586574	36.49982573	22.32771519	20.5110701	98.49196195	84.67570113	77.51408173	0.202991142	61.55580006	13.31759494	59.24197386	50.26709622	92.44137687	98.13866382	1.510923393	94.75786398	63.75685216	32.68958515	45.91716257	32.51346271	46.86511739	38.44407408	84.55251511	1.928643351	84.1950307	42.44425944	42.19230792	21.63542478	69.30264501	65.49119773	65.29850084	17.35366352	55.58107047	72.13153276	36.0307464	2.272401055	81.7189493	26.47604949	77.11677132	71.26394268	81.30065076	61.86325616	94.3007934	93.29659061
91.16115956	88.62712768	27.00444152	66.03477258	20.88267104	12.29479453	17.86765809	20.85453875	98.81790767	32.6589204	39.40810353	14.92979645	80.88086861	48.28914202	51.88500422	31.7209212	4.63550619	78.86876408	34.78807722	39.21745794	79.27327399	74.92852311	38.06478019	3.934567604	51.76593664	36.48798329	73.42605689	68.86664244	4.095588078	59.28897645	4.15325363	95.09124353	16.27773016	1.39938319	98.69814758	64.28372317	29.49881302	29.83023491	80.2704077	73.96179535	48.941329	54.10602885	35.41043736	92.38911162	74.14214485	29.18539591	18.77739014	68.55541173	88.22728162	89.74640814
74.07701158	39.90774284	47.06560748	84.66791872	47.55950519	99.4154841	99.67425468	18.1500653	44.10420491	28.29680549	1.991857224	59.77963576	23.99865147	27.40268737	33.28688147	48.82550281	58.88523592	78.49082721	13.40330427	26.5625155	55.88933157	11.08065034	70.47775938	57.12005768	4.578089567	91.1720521	61.47467731	35.31160226	50.7068269	35.44716099	84.98931747	67.67789218	5.407437238	94.92515399	32.56438662	40.47048861	22.55347401	27.63698312	60.92087924	98.22898678	21.19846706	51.98035395	7.007460069	27.3178633	49.71131751	99.95464984	42.91596836	71.21199368	41.20264689	95.95561015
42.59047073	54.47652872	91.43954931	90.45964976	1.25374444	96.27245656	99.52498763	24.28535139	62.91251023	73.01227144	68.40405624	94.06213878	95.51559535	15.64770476	21.65907492	80.68852101	20.19240473	10.73030925	4.919094555	17.71513491	40.28264131	25.41243467	12.26938472	71.21248994	61.12660012	70.4243202	83.17374501	93.62526016	43.81183227	9.695793305	69.99086302	46.82661814	64.24864119	63.19937012	66.92274677	91.5348156	87.54283699	43.5941839	43.50993814	74.9199127	20.98553465	36.5013846	61.67643674	61.48592598	42.3340849	81.6368808	30.15370289	61.80798506	24.07355154	0.481129036
39.02923406	75.84680247	91.82412908	43.63347372	86.02914039	31.03944701	81.2092661	26.89953977	78.97279487	13.40367367	72.55700703	4.61699331	80.60689967	78.01017845	36.87167302	11.7336544	78.71779142	15.56393123	40.32588612	71.39706082	82.05274055	60.69793953	47.10952618	25.45909634	37.75324278	69.75625098	44.8825698	14.01391221	71.65796222	10.94460932	77.11897733	49.33866849	40.1580789	94.80530032	86.98824001	69.75205548	63.33289413	0.247501432	33.72413165	43.69635503	27.2009649	47.56906877	41.1064708	78.67635752	39.30550696	23.87410061	47.89236945	6.514946968	57.84895756	52.68713459
50.89380895	4.143205302	94.41179278	70.02466943	60.13320719	47.30995822	67.10185035	89.05634029	0.253414822	12.94694012	23.77374872	61.20036142	4.926665136	48.39552701	12.92716499	28.25710015	91.43999419	85.88703923	36.68195512	76.58126256	95.06355956	2.75940405	13.88363815	86.99931129	56.33832454	59.26249669	96.44020117	35.15154018	73.35366338	73.58443499	8.632619676	67.16186992	19.73284349	28.64665708	97.83071604	73.80112155	6.105650922	62.5644787	27.75303075	98.64805636	62.84081004	51.8435156	16.38234123	44.24398043	74.18582226	4.80548177	21.42620102	24.23778331	43.72641324	67.07016683
36.55167084	93.44401618	89.4948867	67.60967111	4.759660198	27.05460165	10.23196201	73.25595285	88.96296849	3.501734995	57.10483561	15.36963869	15.55134236	98.51004246	15.63036814	51.56031056	81.33914731	35.46416331	23.05954583	32.47609016	8.13312358	51.99033695	77.99761592	33.63408589	98.06389816	91.88828132	39.7065685	35.15732508	89.62367488	3.478150144	91.3056674	99.61195737	4.716367247	3.472785164	69.7480653	89.82997223	4.576413562	9.914679137	89.92192059	55.97494379	74.11686189	83.71798074	99.46298544	63.98758772	96.76384493	85.0270674	26.68667173	9.845582232	23.18184462	56.95902467
33.31280185	68.80157315	52.12917007	87.55702747	50.70930363	65.7377124	30.06271263	60.46666045	9.999644745	18.38355558	82.01618912	67.61039	41.52151409	7.497613148	3.186543806	53.87523764	33.90075144	3.840228479	47.86237134	49.99640356	89.22626298	9.446251591	89.5611587	8.946581727	23.43605344	65.50616709	10.32464443	93.88882834	13.94384467	78.78468001	75.23497137	12.7626178	47.58764274	69.87282527	55.25633857	47.78562903	27.65627007	41.62241389	22.29321395	17.20704074	98.79587276	27.53061345	52.35519385	7.685333895	13.79578283	94.9639192	58.40699555	33.03231955	90.69312948	60.34725856
10.77886533	71.59050237	61.18141102	51.26863531	79.54077819	69.11742094	26.38912651	0.454810596	78.31387582	6.398698161	87.41014617	90.48526494	3.835427261	5.057048235	90.02797536	73.48201635	26.13720269	2.993161979	94.55883733	4.283519475	3.982462837	37.50455798	73.28831256	80.0320844	19.03276771	17.81635581	48.76215638	32.73960895	60.11503841	24.73328032	8.933196795	70.28558563	46.36158076	68.91733066	4.612300873	0.076361843	68.06351061	44.77453267	8.102135847	81.71878645	81.1768172	10.72654196	44.07451263	42.76065599	99.1954749	53.97081441	50.70670696	81.24253868	67.53633795	94.61685197
66.83248839	59.9887894	68.32500758	83.06064732	65.24644855	95.46780104	40.20786943	59.11019199	75.16253627	35.11939197	26.89709942	27.35595296	31.97984482	66.69937192	20.24296926	96.06533459	45.44969073	7.264418583	80.62736084	69.12323944	18.94666539	61.78621275	31.83409623	31.72991732	46.12381041	16.23515217	40.03675797	15.48572143	0.519117293	5.047811407	76.9586222	8.704528115	89.36956668	86.5335476	29.52010806	18.14783099	73.54643839	96.70487748	54.95767272	91.97382	15.81375199	35.62008945	8.901470905	85.03617511	9.404852072	52.07327044	65.15175311	9.01296171	76.14233666	36.45879698
53.92772213	84.03961186	69.93239011	89.58056121	91.74626443	42.79105809	49.52523036	35.29463528	30.88884884	18.89275446	98.15917182	73.790913	57.01803251	92.73065459	2.7626027	52.44689013	88.94620965	49.93828655	23.60756289	54.91048758	2.991320835	0.360870999	83.93002727	8.213438979	38.98353925	36.4160242	43.02894788	34.55822177	24.99215549	1.65685515	2.499393466	19.50712861	35.62683591	79.22472302	34.96979689	43.64231158	50.26701675	75.13678207	34.68740063	4.134516337	42.57167046	32.78695056	88.50754343	71.13996136	85.91427833	96.38346446	32.16254748	36.52589603	29.81360855	83.67579221
14.12656034	30.06809093	46.36378843	85.96675494	50.57261128	82.73158382	40.06668079	96.31446222	34.25848203	63.64272061	86.09772563	35.86662186	87.27675479	66.26600047	75.46182685	75.66488333	10.7916805	60.97981312	38.31135618	13.94888629	31.38876418	8.772457388	92.45480353	6.236419761	8.492695466	86.57791519	56.03457155	16.44677669	29.61682711	30.52784649	84.06447986	68.20726557	41.12945402	60.99573162	86.11317957	42.99745325	13.30512363	22.64287637	42.28178717	22.40329884	20.43815515	0.368563643	60.27356627	69.66187068	39.24129648	19.46577384	48.75380605	36.56957395	72.14464768	50.38129888
73.97084413	92.45379053	63.76846583	89.67667555	90.25850406	1.219142021	4.736789233	3.789656865	20.49627821	16.13215042	85.16656843	68.00763107	90.24097097	36.01215922	63.98962575	83.45499243	14.91831158	94.92290373	75.18304817	62.46264654	58.41483573	77.1012569	94.38859564	88.09495402	69.69945917	93.63504631	16.20433445	77.21350063	52.18461194	77.55401636	92.84637044	80.82326169	84.96306745	16.34144507	54.40324256	86.14052115	71.60601926	95.07877442	1.633903413	86.31294299	51.21305718	37.76416715	47.10732443	23.8922194	11.9390329	52.62635222	28.30200384	46.46329086	8.403649928	81.8208932
14.38147695	77.63992298	36.40785779	83.6616069	83.17652916	7.641025726	44.02993872	43.55831873	36.5524805	96.27378973	26.14936117	15.6077158	11.12417625	28.10638212	44.40269973	12.6728175	64.2887038	64.72635947	99.09416851	61.32686127	84.42966501	49.46854464	10.31210906	26.09721984	22.02384366	3.965595591	49.88938637	4.745581604	18.78770182	1.319727987	90.73798689	28.36654334	38.28576422	20.22709929	32.49087218	10.26397695	53.72773764	90.16377725	95.7417216	53.3307685	82.66276845	58.54859904	7.799805181	15.33832667	26.90861442	89.98852507	24.06683621	24.2501701	81.16094873	21.99279725
55.75777148	57.96752325	71.43956223	12.96352753	89.93470344	84.18135976	78.2296366	32.34767252	63.69871468	12.31832092	98.43339633	12.70345238	23.49028324	84.62300565	9.85315092	82.16338374	94.99466812	19.41721093	48.01312794	96.54767304	24.00303253	67.66821474	33.98790756	28.12460702	18.42819244	72.09601409	2.65278349	37.81063402	48.56657873	21.22998098	23.04499912	75.6908844	80.46770325	21.09271053	72.4738797	19.81935571	76.76520486	6.536860941	13.1530743	28.3221811	11.21109824	58.76467644	45.12611486	14.00733958	74.89617441	86.91043338	75.37742849	38.92073495	72.38946136	91.43474124
98.38141447	1.999059909	69.78789829	75.87875742	67.56724886	0.331090126	18.10331463	34.25093364	51.58729782	81.49383546	40.45845194	6.011945478	66.48437909	55.17594528	63.08574381	47.37459445	53.91502835	77.33502431	17.39749265	61.42074876	28.14673062	51.19716709	44.42544145	11.59017388	37.86292537	38.13589594	58.56613577	19.2813965	63.68295953	51.3784148	7.995088159	48.79193374	27.77376085	88.48511714	83.66013827	57.09628711	46.17408739	76.14204948	7.832506655	41.25416747	94.32170445	33.48106342	96.00142843	92.29849025	89.86731286	85.10138375	91.0563996	83.48346356	6.534045418	66.33575051
80.82589371	77.62313647	91.52063307	9.335513954	82.98787747	9.531015879	51.58812532	49.75724521	18.15502512	85.48809311	43.48483148	20.24291755	30.28259429	17.32643625	6.900883565	11.02015585	83.40894142	28.80322718	81.09381929	5.551250483	39.77081025	99.12445709	28.48019189	30.30751349	56.69392537	76.98685942	14.00170629	89.2010017	80.53988521	89.42391309	94.22781668	2.474017535	3.820989411	85.56981233	28.61925669	75.03317386	21.21674714	87.65503795	53.44594861	85.28521646	97.19483612	91.21779983	43.42984997	22.35009792	69.16782662	94.24145386	94.08977817	37.54147005	63.81763	97.21394869
70.58303076	48.08065323	39.58939034	65.02717849	69.85511176	17.06346963	38.35922954	23.99941284	24.72623106	94.83125943	87.13013759	13.45644092	95.14887076	61.78020486	57.47168556	99.73732644	83.05864593	39.02483253	44.13266653	28.04488704	81.57807777	50.52569336	13.63521845	84.0478778	11.81930328	24.45942981	3.996492039	77.95822555	71.0761482	80.36965472	82.87653037	95.49720863	89.45666152	2.915235657	50.54057856	8.323434554	78.91604224	64.63788723	94.84971283	83.16094444	39.25611332	45.93186868	52.98180395	37.66245783	10.18338322	25.86603917	3.718490549	49.60609453	63.91801628	97.56848025
78.90996765	77.43404093	98.39422429	72.82123603	45.91999049	26.72907577	91.20048222	32.23051656	34.61655196	10.84804465	98.98995247	21.93233592	60.32302956	69.0290208	14.81858561	25.76894505	48.16854469	67.90362427	43.42067628	25.54612361	20.45429067	48.85301856	94.11267708	73.09604581	21.58234864	70.4040981	74.02772626	53.66340604	78.27162404	62.68136336	38.97151607	1.288581192	95.01232434	79.964739	70.23002387	65.91951955	50.08199568	79.26849351	85.05791525	92.0366147	94.78274425	12.21470094	54.0618791	91.20890085	73.79278963	98.25807094	11.06123258	40.11970758	88.25859845	16.78529872
56.76881256	18.49477209	66.2614784	76.3711023	36.98825816	84.92270347	96.96448578	59.98805267	53.7616302	16.77341468	16.30006304	1.650612987	33.35367148	18.23165453	97.72865913	98.35988344	33.30876086	75.34340956	4.540430096	39.03962686	89.29020294	39.98270264	61.822392	72.18997292	33.19769025	66.79980022	38.30550874	17.63596943	44.46747829	53.36590968	26.51658545	43.23196727	52.25351681	61.97910267	69.2438791	87.32237381	63.45848733	81.8603387	94.65371956	16.47763682	72.21970436	30.53702638	35.10315732	56.80075673	55.21266106	73.59392226	43.54390396	52.49484576	80.39059163	80.47655256
24.83777546	66.32827634	93.7048756	20.68630296	28.41032168	3.152307734	89.13521957	73.91537302	2.578533567	63.19728572	44.39822585	44.21689774	42.76830195	68.83291784	59.08659935	3.235395039	82.16398104	73.80617509	13.4517597	22.37214636	14.69937175	69.39817241	37.86589231	24.69997721	5.247860262	96.66624971	8.063916783	44.21477681	47.63179007	46.92667668	27.03693243	65.95970047	73.33240534	83.34344402	25.22969642	16.27831311	54.82622165	56.62957656	99.11757789	66.95291885	37.32724955	28.6322482	25.01960306	78.65363846	88.42278356	26.8971783	96.29876874	94.96224978	8.434570114	87.04413334
17.0720057	88.39987768	4.001517824	85.38850959	82.85207248	27.60657908	69.72320049	99.90766039	11.47053957	50.58617547	54.97682955	83.77954648	31.5476449	85.76517027	88.82445711	35.48743309	68.80134776	31.21802267	36.50050923	55.07323966	12.8405536	85.52442339	45.8305598	29.40191686	86.7830508	82.34988505	93.70410063	64.87328066	73.77676936	82.57735449	93.31888962	13.68078633	6.672498653	32.53959428	36.93647236	58.94241951	40.31928056	4.129707093	13.91148875	12.07582401	71.85816566	44.49278245	40.18405171	71.27242049	37.4392032	10.38381184	58.97844894	21.77127047	7.130310551	59.17031553
21.73609338	48.16406456	48.28563639	50.1832485	34.41006996	22.37687276	97.02517859	30.39399782	42.92668808	21.67116264	14.39923625	67.63906959	41.13649313	53.54746619	18.2914019	3.714083483	36.14698167	2.091235459	36.18601255	21.72694102	89.34732803	3.303431809	67.14347348	34.94135962	67.98557156	18.41552416	66.45793191	24.11464707	26.5475716	56.32818311	55.05659522	33.54446001	91.20905843	45.82300954	94.4464796	69.48783818	40.92794196	14.60111522	45.17987925	5.453591031	44.11600146	28.28654756	81.0885476	79.05304101	82.36935086	21.49349047	24.38606995	8.056785484	15.05456254	16.53616644
25.77453902	58.92988662	70.96814198	66.29007218	29.89241607	36.29052712	26.95762172	68.28697135	22.35902891	21.17427325	46.05009712	97.99058554	23.67983399	97.63279946	61.09244639	38.86581129	32.16577552	41.39514115	1.904169309	95.48996932	28.48770509	85.17178599	17.07955251	59.69043974	66.73532351	15.24090139	72.22830856	52.46446138	21.87620685	0.446388368	78.22583228	72.96194821	36.17662074	61.01068983	20.94927436	99.65765361	55.41249994	69.35257389	97.86499462	21.44747775	88.713509	87.93741391	7.574183856	84.55015163	55.25414633	24.28355359	8.243822998	55.45373247	23.26162476	80.15010171
96.34613649	16.58735184	73.4735147	61.04551428	77.87178907	72.17798574	12.98695552	63.35603457	53.05039113	25.14052548	98.77015418	28.49395888	67.8165477	42.99940275	22.84162745	75.10484103	97.03110794	46.539522	15.12927274	67.54391246	61.72570462	85.57721069	84.14468382	30.19611946	73.36129727	85.62421443	53.90617415	75.03674687	86.28159061	15.64955484	77.52825822	22.86967905	50.8707921	5.43678578	63.04105638	25.72477977	12.92159813	36.65541283	50.35442305	38.26248554	68.42453829	5.237151883	59.11920135	32.87016581	89.42377188	15.23270583	44.46725017	85.95245904	54.28172882	80.45468718
6.273168007	29.05282946	33.62464736	14.31903903	52.76918529	92.15231928	3.572772304	56.32511452	95.18391254	50.93502625	17.31345191	17.81511531	16.69187896	94.39040532	18.42630533	44.11416577	66.79020762	74.32777475	84.57468373	5.55625469	98.83615155	32.14150342	42.52512498	8.355409754	58.63719131	92.15637965	0.27679996	33.19611987	78.57072936	1.225085283	60.12096236	58.17137021	54.19247124	79.07725517	20.10982989	22.84897058	50.11453424	17.17313472	22.66208387	33.01040326	79.1880186	14.09979312	18.66184594	85.9036869	77.30918623	32.03044496	11.14121986	19.42561412	13.44743284	54.12146168
44.51946154	11.1868054	40.00164677	18.01503078	1.010778735	25.11926891	22.78565393	47.94565793	5.885185008	59.50956448	29.57539739	32.18009244	65.90138812	22.40442434	7.459215137	73.33395772	28.62447884	51.2737844	67.88140872	52.85346708	71.87066836	3.281772231	52.97646543	11.80903878	83.67625554	56.3097151	27.75269606	85.72480388	55.90993348	9.378756451	24.24411798	28.67064303	99.83811285	61.99035907	57.11564772	49.00022783	3.36362096	42.24493596	33.79330885	19.88425332	67.66527703	70.96531108	8.058329614	39.41420955	73.39534787	2.266718474	88.98854319	75.15452753	55.842027	57.09663762
80.66576597	64.6010417	95.2411404	16.815116	90.49140224	31.41463507	61.76149767	52.56611547	13.30265051	56.24809924	12.72028628	24.53197746	85.78051636	40.8192487	51.71485941	5.990438141	54.1949156	33.40867448	78.09667317	16.60726111	26.77676011	90.54639602	21.8468819	47.76149475	47.32719438	45.05192011	32.18904284	13.30079526	31.20529192	50.39995626	4.984592588	2.370413938	95.40275003	78.97819973	37.81155575	19.75872842	11.4119575	93.26157604	29.35110984	88.81611243	23.61867973	77.38478069	4.110034246	92.25015975	90.31999226	64.33749749	95.9132479	95.43901268	88.02314644	3.105080206
76.23054124	58.7285191	11.06705024	58.25649859	62.81482342	3.00605095	58.09010534	45.71251094	75.78506527	83.9281895	25.06077888	3.798685747	85.88394325	88.98408707	90.44379746	90.2464305	40.29398107	85.33193768	44.58076301	78.79343635	45.61402131	71.33133423	61.89394655	83.8209959	30.88812396	69.4547499	69.708976	6.326761091	5.129155923	83.37928855	16.07647429	12.16516389	29.7738583	73.21613955	86.3741481	9.689436028	94.34647789	51.84621288	96.41582843	98.00147168	90.59596455	6.918259949	12.96581976	44.59487655	30.71551258	35.65935537	91.02088532	82.56568738	96.52925083	43.05761026
43.80067003	66.49989846	70.30891508	28.08835423	29.22068759	61.2108546	14.65338128	60.13886566	41.44876094	69.16087885	19.09405234	12.57088705	23.07988448	45.42103473	44.32334563	50.87273521	93.64264378	77.43806795	2.401209163	30.25082511	5.114976908	86.69549655	88.02921742	38.21567337	51.8842633	83.88094333	60.07890969	88.86725548	11.6406622	44.86310682	9.398112646	8.431109407	87.78469229	57.36454161	45.85420475	35.45510953	73.49908496	98.94270982	55.52103415	20.40225099	6.284162519	49.42343527	78.90750647	20.85497085	5.708951524	53.61002392	83.61414146	42.05051632	40.8524207	28.67667636
33.62953478	55.92053118	71.75463876	51.55615918	60.9514934	55.767559	85.86476416	32.31925913	78.42274528	79.30205596	59.77640375	85.17832883	93.02741525	2.425002725	44.06784767	65.01353772	30.14021698	70.45135547	97.18797956	91.03025319	8.643807702	33.67470992	12.0961419	73.22946806	3.702756088	57.25866493	55.28003301	12.40493034	46.33442146	30.5067628	79.54427551	18.29529767	89.95926006	83.8939344	96.60275213	95.97989029	60.31158855	4.151793399	84.22656625	95.69081777	47.52973223	58.64511003	93.23246425	58.16921918	39.71638399	72.33102671	8.741633395	45.91861631	51.01053511	39.75885146
55.24190806	99.92787236	51.59037554	58.69722529	53.52739097	20.83463338	91.06000815	13.14845062	65.51751509	68.12234855	42.56455747	93.60542289	46.66148573	36.47200863	6.097151723	48.14591846	21.1198595	68.13844727	64.18944441	75.05626205	78.93399318	38.78593144	51.11525117	7.989294119	95.31354148	90.78334879	63.63224829	25.39940838	64.87188605	93.11708356	97.74359973	15.78310272	72.35949482	19.86455873	76.3019189	91.35359382	86.22173309	17.9530376	58.01819363	61.82080011	27.67769066	43.53719465	85.64998468	93.40401225	81.96544841	97.82621915	29.03013847	40.62543091	69.8354251	63.48924883
51.51848398	70.97666671	66.25526477	6.032437242	97.24354349	28.99459882	25.05812321	76.14466975	56.62029082	91.33134625	55.2328732	76.60202175	65.59223075	31.19940043	84.73952311	79.29834664	57.5450633	77.65812016	24.3711199	64.01968643	18.20325267	10.88353249	39.93888682	21.82970506	28.73621257	83.069031	22.14856803	86.11690055	95.08750429	30.21110837	4.843285332	34.44345167	2.741690865	61.38176785	7.995046332	28.01291527	13.94836149	63.10711034	79.529614	49.21238716	22.10169167	72.95417541	64.01890023	24.44032471	59.69580137	9.146634662	0.398973967	35.81108661	37.2995738	29.50278488
38.40069068	82.71180216	21.61314594	62.14824479	24.9702526	4.440177396	42.98040091	95.61380259	80.85580226	47.35238283	63.14406694	65.87813194	62.47529799	93.9097788	43.06209383	99.53319857	16.88094833	57.89875823	3.00875314	87.79360546	68.8580871	17.26330208	70.59642785	16.78174034	92.38607571	15.12639642	43.02670573	47.3591102	94.21283987	73.35873543	65.52416113	4.093168158	57.74462057	95.26612385	99.52414676	79.97921861	75.5798107	49.49157243	52.66892381	63.44673801	86.06633304	78.22667571	68.29266305	21.92652118	80.2974294	52.93364712	44.39434139	26.22201649	15.19104998	91.08812046
11.86284727	29.16079855	16.61297273	78.44262472	37.03189873	73.98161849	71.97218264	8.311978847	13.35429991	11.95379407	34.30245125	25.74086555	47.89350486	70.49213659	77.01982831	63.84190957	22.35756565	83.19335233	45.84109468	32.11108038	78.16114491	34.65108117	89.1348129	47.06947559	62.08486531	78.79610197	69.5018197	26.380244	36.06965153	79.59645777	81.60987027	45.79603997	75.7411238	79.79712562	83.19238623	12.80053181	34.61170251	49.7783043	49.69705386	0.183832756	82.57179075	23.21331486	60.58036953	67.97615754	13.65087237	92.44889968	52.32605151	65.50517685	48.38191325	86.89258851
70.66786014	76.17917827	58.36039516	76.45295232	83.74981113	78.72374602	11.80658976	53.27263828	95.71616583	5.869094657	63.644221	4.587536476	84.7299233	36.62867057	93.98615283	4.021370956	22.28313814	29.29007863	3.587880726	81.73921865	86.59909788	70.2131889	74.70520905	19.61044386	39.18843072	4.595278069	87.18014435	1.031629409	91.93880954	87.79173884	7.42227372	51.63218777	21.85919419	43.2268929	28.99930156	41.79462006	7.200304407	27.0371068	9.141662807	62.47412237	18.52642312	90.37502635	57.95634732	76.75428633	30.03762597	5.803059809	7.507463759	42.78944664	59.65635128	31.23866083
4.916683556	34.62235767	30.62986849	92.02680773	90.47638721	79.67804708	95.50650644	11.64459137	90.64661598	40.27277655	68.6166708	46.86906323	95.87031715	62.56968452	10.08916639	81.56395703	39.17622794	86.26983416	56.69974632	34.03114129	92.74004407	78.5763144	57.10093774	35.19632151	76.2238131	43.59035054	94.71503506	27.32586092	19.82938253	20.75009924	29.42294059	39.24161724	34.4766326	68.19273114	84.69568364	6.630896435	61.51549569	2.717643618	60.62159119	15.58533845	11.57417159	94.16076178	57.74011566	65.22499818	61.41295414	76.13207448	92.59501208	97.0799581	57.94689489	66.10065726
56.23324218	90.11900191	28.75750876	55.40659122	40.13813294	82.89779548	23.27508056	44.15007918	65.6943509	55.30457642	66.33067015	65.57155779	85.04111858	69.17865393	10.91327869	95.39905521	99.98310099	44.46221909	79.65292487	47.95016996	29.24744836	50.13374528	20.39220974	0.706104313	96.58791306	62.22400851	36.45917982	59.33186796	67.24439594	80.1360002	41.53850016	93.95904702	30.87153105	21.0198051	23.5129858	26.83097193	94.64784351	11.50362444	22.1611868	87.4766772	17.86918635	81.3986213	46.35829396	98.22871249	85.12729617	29.37124744	9.997195593	38.71748335	86.52532428	44.98174002
74.93860628	13.452223	29.46756328	83.87670358	54.14643108	22.60570616	90.65347596	41.83535724	7.402358805	42.60890411	54.29722017	64.23142558	50.4422919	57.38393599	15.06524001	90.67090905	32.63044408	21.32556045	9.762874899	56.32529374	52.24183755	71.02070687	89.30321828	43.09274761	43.51125668	46.27191537	35.34993611	0.289061586	79.11660083	41.38433072	90.76840704	18.3450612	25.71241725	6.281330648	56.22091552	90.76992657	67.30707046	10.8087403	75.57216529	43.73207552	54.64664933	74.00862699	92.72160829	53.7113046	35.56665773	6.094408088	36.94494608	14.14165187	24.36928763	26.9468064
4.098682658	86.01602432	4.926870991	66.3455087	81.38791447	11.36654308	48.74321709	81.32558919	82.30008277	7.20293021	96.55189474	21.58375482	5.823426184	70.89370534	53.18776662	93.55600945	85.3996823	2.669822699	78.17631831	1.625358571	13.63212805	48.88286538	99.44857406	65.74559249	88.2478022	17.49723492	98.07339897	8.717258228	44.30615585	11.31782559	70.6940936	44.57494856	45.10978512	12.66412911	17.11930092	89.07856865	65.95776553	20.84946704	29.15940585	0.503002578	82.37534135	83.05428899	5.48733622	30.3612039	91.93871227	70.76032668	39.46666133	21.01881649	83.09375419	82.29299991
42.20642698	22.74300857	5.257743782	65.00411681	86.9578088	2.878647823	27.64755384	64.01184749	31.28198833	38.02588195	68.35979512	8.874227357	87.59729616	19.34057036	13.55776619	60.84372456	20.03823198	55.08711293	12.20637635	14.63159635	80.16383179	26.22504599	85.19406634	52.75478032	95.82390077	11.70164696	30.67163843	50.12881462	25.98962571	61.57886746	30.12569995	35.88466397	59.25534379	38.22272606	29.5983843	56.30307434	56.84992259	83.43123142	93.79666225	58.72693529	63.27454033	97.90849302	35.20699022	92.98536526	82.66675496	39.43418546	62.50371603	43.5047435	67.48779847	45.77069244
28.0370282	27.49689359	58.30052075	59.74564262	51.84805831	38.46969276	46.92564045	70.78390986	38.43546492	8.919687503	68.71987242	95.46349857	97.18708147	42.80781891	44.20735993	16.32092053	11.39924639	40.71953361	47.05285249	28.68499416	99.7426257	87.5524972	43.27190707	27.12751835	69.06387217	74.25074727	65.14462336	10.98125975	57.49885742	68.98014851	11.68722543	20.14017084	83.80290917	24.82042353	17.97580035	63.22679973	54.93987127	4.575248306	81.56730263	29.83473661	79.92545993	96.50823364	41.14961412	59.28588007	52.57777513	56.43397236	4.557275242	7.886500089	66.9198814	9.858177852
74.32599336	72.22408419	98.6336399	24.25776692	84.9433206	49.67585815	20.82922999	85.59659489	72.01605455	43.43587086	47.64839835	78.67247909	46.97869139	52.7202929	81.92512454	93.85820127	26.54030685	39.97137037	96.27299232	67.36035354	66.81577895	66.43018441	2.159870668	22.12514647	0.931834456	70.69379576	6.465781472	62.53415578	21.13284003	48.8571554	66.10727489	97.48187301	25.92780365	13.14364979	71.53301426	74.50591701	62.53961726	78.27905677	53.86611377	20.23562482	64.86412762	14.39979792	19.33181084	72.19795589	49.32941578	27.76375861	0.996728312	1.262137324	12.71087302	43.24320469

