5
1
84.018776 39.438293 78.309929 79.844009 91.164742
19.755136 33.522274 76.822960 27.777473 55.396999
47.739708 62.887093 36.478447 51.340092 95.222977
91.619514 63.571175 71.729698 14.160256 60.696888
1.630057 24.288677 13.723158 80.417679 15.667910
40.094440 12.979044 10.880880 99.892448 21.825691
51.293243 83.911224 61.263985 29.603163 63.755226
52.428719 49.358299 97.277504 29.251680 77.135773
52.674496 76.991386 40.022861 89.152946 28.331474
35.245838 80.772453 91.902649 6.975528 94.932709
